63.27384721651356
5680.555649772698
0.02707140006410285
0.026008243583563122
9.023042335947045
23.536386054852443
5088.595524993717
0.01856645792701983
0.007963771071211672
3.692081210783755
5680.555649772698
9.023042335947045
5088.595524993717
3.692081210783755
84.1437504787054
0.15966231166155068
0.16108744497565544
30.638959267576872
0.0213926924637035
0.022686348841725403
10368.365474185695
0.15966231166155068
0.16108744497565544
5193.609733412118
0.0213926924637035
0.022686348841725403
32.04896161995558
0.1805798278876553
0.17897944133619384
12.3271155536037
0.08462326269283436
0.03781435603926022
7579.3556753504445
0.1805798278876553
0.17897944133619384
5638.556546384556
0.08462326269283436
0.03781435603926022
63.546283363627666
5745.377279086444
0.02708526005026892
0.02601148260440729
2.5611870896888678
23.61909660448027
5168.308271982111
0.019702873504351244
0.007963299298608627
1.0738913521639062
5745.377279086444
2.5611870896888678
5168.308271982111
1.0738913521639062
