63.2301776440032
5699.848965823373
0.02720670370933862
0.02599761611987347
9.060478474497252
23.642870266610764
5113.168362101957
0.019189126920006832
0.00795181945946326
3.682260589191809
5699.848965823373
9.060478474497252
5113.168362101957
3.682260589191809
83.89702213063046
0.1597156751943308
0.16094461423496456
30.527506747142713
0.018507901672271416
0.004006821409931532
10400.537089026782
0.1597156751943308
0.16094461423496456
5214.421153868493
0.018507901672271416
0.004006821409931532
32.027814616504116
0.18026940565008262
0.1788072582347615
12.330305555952533
0.06347807455279735
0.021799253784759814
7600.094908035845
0.18026940565008262
0.1788072582347615
5658.838063825683
0.06347807455279735
0.021799253784759814
62.681132092813904
5769.520151350008
0.027161751453174288
0.025940636665266584
2.3404136112964995
24.018608053260696
5196.000756037368
0.018973515986261975
0.007958821622575055
0.9814450286587839
5769.520151350008
2.3404136112964995
5196.000756037368
0.9814450286587839
