104.51417142314618
19999.741862586492
0.03023413735893826
0.026044175481454417
79.57910182537911
15.303104922498921
1154.7726445211044
0.03003866732276124
0.007812145901415075
8.922518256332634
19999.741862586492
79.57910182537911
1154.7726445211044
8.922518256332634
136.4551109043369
0.36998417137769457
0.16315183419629523
17.549570804081124
1.107530874248007
0.027008528224521516
20000.040925961544
0.36998417137769457
0.16315183419629523
1154.8744469503395
1.107530874248007
0.027008528224521516
52.209262251387436
0.2401228248086404
0.18115452212800212
8.968554664481623
0.5803867152401129
0.09397698472497659
19999.7711510939
0.2401228248086404
0.18115452212800212
1154.8996708947113
0.5803867152401129
0.09397698472497659
104.99181762670466
20000.393864576974
0.030297463696479923
0.026054004067374174
3.2393804956245216
15.198219482634828
1154.7059021255338
0.036884797652103056
0.007820208228051309
0.46741296126086795
20000.393864576974
3.2393804956245216
1154.7059021255338
0.46741296126086795
