62.80528557085563
5687.927553221043
0.027123097861108596
0.02592239011085222
9.011664197288482
22.851876946822497
5099.434498686584
0.018129507890491846
0.007972676930069911
3.7006655078584862
5687.927553221043
9.011664197288482
5099.434498686584
3.7006655078584862
84.09136686122937
0.15975162033641516
0.1612301278825679
30.89313662768199
0.018330248940785363
0.03280161793184254
10385.03353874144
0.15975162033641516
0.1612301278825679
5207.042145235884
0.018330248940785363
0.03280161793184254
31.90105545334351
0.18024608508329024
0.17895402339524527
12.17206235759315
0.06872213054590554
0.04096255553741711
7589.158573102863
0.18024608508329024
0.17895402339524527
5651.230900012362
0.06872213054590554
0.04096255553741711
63.07145752649094
5753.360090558689
0.0271389002905777
0.025918828881582985
36.997482086016426
22.964037903828128
5179.598184410562
0.018903564913030687
0.007970776182736346
18.621057974795768
5753.360090558689
36.997482086016426
5179.598184410562
18.621057974795768
