102.58110638002051
19998.518005179096
0.030298919849544966
0.02630188810630474
78.0421953718336
14.603534964272098
1154.5812536238839
0.026901096737519566
0.007882431252658546
9.472802278605975
19998.518005179096
78.0421953718336
1154.5812536238839
9.472802278605975
136.92742485351172
0.4070769772837931
0.1653177404017251
18.295259035928506
1.2070124334935215
0.11215326315178392
20000.00921087337
0.4070769772837931
0.1653177404017251
1155.0004026060592
1.2070124334935215
0.11215326315178392
51.798954765273436
0.23709115586171287
0.18136712178429568
8.889471046382527
0.5608290490811811
0.06823491743737316
20000.808097792207
0.23709115586171287
0.18136712178429568
1155.3104855253823
0.5608290490811811
0.06823491743737316
103.07875724615522
19999.467147710824
0.030352852531346005
0.026305772689780717
3.1991703871300112
14.636805187575344
1154.6676971801885
0.032581313969091204
0.007887596274939727
0.8169782481753606
19999.467147710824
3.1991703871300112
1154.6676971801885
0.8169782481753606
