103.00242623550461
20000.321129229564
0.030323717276035392
0.026698900231332725
79.58401410674097
13.624880611579146
1154.7813438892608
0.028475794012450477
0.008002289913207446
7.478830763956362
20000.321129229564
79.58401410674097
1154.7813438892608
7.478830763956362
136.20357889820065
0.2089368067646147
0.16390098854826574
18.037454427170633
0.49647320022812724
0.03049067765430501
19999.727160882558
0.2089368067646147
0.16390098854826574
1154.779747755338
0.49647320022812724
0.03049067765430501
51.77464899979491
0.23464409997608357
0.18163067902076602
8.543968128862689
0.5417208502378413
0.00546739028664096
19999.407523293776
0.23464409997608357
0.18163067902076602
1155.2170675060531
0.5417208502378413
0.00546739028664096
103.39070508059922
19999.919417252928
0.03031015498851936
0.026703290938180753
2.397429222601252
13.604355239513957
1154.9076647866837
0.027247190238050025
0.008003697766382904
0.018676431283908432
19999.919417252928
2.397429222601252
1154.9076647866837
0.018676431283908432
