62.702515534767144
5700.026987106985
0.02715452435261375
0.026028927257386945
9.019539231787054
23.007668461911347
5104.812877922599
0.019078862676644073
0.00798925740591275
3.697444437781269
5700.026987106985
9.019539231787054
5104.812877922599
3.697444437781269
84.36318316687507
0.15982136919594686
0.1611979007360807
30.900161857416837
0.03063236140053744
0.02003401851869813
10391.127703105658
0.15982136919594686
0.1611979007360807
5196.877299965544
0.03063236140053744
0.02003401851869813
31.918835151065572
0.18073114299842402
0.1788874585164621
12.21829979819818
0.0908226928459883
0.024559890536971624
7603.985270604511
0.18073114299842402
0.1788874585164621
5647.167088310061
0.0908226928459883
0.024559890536971624
63.05925019472443
5765.872058289347
0.027154561746107975
0.02602933619964387
2.5639701339933705
23.15560763990943
5186.582418189306
0.018327356205571965
0.007987573356515561
1.0785014082214102
5765.872058289347
2.5639701339933705
5186.582418189306
1.0785014082214102
31.918835151065572
0.18073114299842402
0.1788874585164621
12.21829979819818
0.0908226928459883
0.024559890536971624
63.05925019472443
5765.872058289347
0.027154561746107975
0.02602933619964387
2.5639701339933705
23.15560763990943
5186.582418189306
0.018327356205571965
0.007987573356515561
1.0785014082214102
