103.54074918011841
19999.638324020503
0.030265664393335376
0.026707752606238776
79.98328434194703
13.878529991820345
1154.985744753751
0.03472470216263354
0.008000207839390714
7.185454922833919
19999.638324020503
79.98328434194703
1154.985744753751
7.185454922833919
136.6057037993088
0.2073700754533937
0.16375377926475454
18.29639433036994
0.4866277144744365
0.00352203875605194
19999.53126179776
0.2073700754533937
0.16375377926475454
1155.3683508393312
0.4866277144744365
0.00352203875605194
52.02373921830328
0.23408660944130205
0.18164292251796826
8.624201136317183
0.5399020152512476
0.006060920486093723
19999.30391262213
0.23408660944130205
0.18164292251796826
1155.0818392939846
0.5399020152512476
0.006060920486093723
103.97413410741312
19999.342117132794
0.030225537018252435
0.02670642310522312
2.397354522376266
13.767043873065468
1154.535189900526
0.029430297589651138
0.007993024431040134
0.018211938120295788
19999.342117132794
2.397354522376266
1154.535189900526
0.018211938120295788
