62.84304290942205
5702.841253442629
0.02717567750426475
0.025977414848001135
9.038806442264383
23.277571521232343
5114.49514776411
0.018560846299118482
0.00797241360826703
3.6908552645008177
5702.841253442629
9.038806442264383
5114.49514776411
3.6908552645008177
84.13004956518324
0.1596825616052993
0.1610465230510517
30.660882381125436
0.004509482101944044
0.012052668185569682
10400.367101503638
0.1596825616052993
0.1610465230510517
5209.116818331692
0.004509482101944044
0.012052668185569682
62.84304290942205
5702.841253442629
0.02717567750426475
0.025977414848001135
9.038806442264383
23.277571521232343
5114.49514776411
0.018560846299118482
0.00797241360826703
3.6908552645008177
5702.841253442629
9.038806442264383
5114.49514776411
3.6908552645008177
84.13004956518324
0.1596825616052993
0.1610465230510517
30.660882381125436
0.004509482101944044
0.012052668185569682
10400.367101503638
0.1596825616052993
0.1610465230510517
5209.116818331692
0.004509482101944044
0.012052668185569682
31.94257672181324
0.18061975804097785
0.1790614486182311
12.269387957285813
0.08047503580404412
0.04565122116711796
7607.7713102770085
0.18061975804097785
0.1790614486182311
5658.258760926738
0.08047503580404412
0.04565122116711796
63.102978783437216
5772.632368816952
0.027189362303983215
0.025981320451826596
2.5750611182556065
23.371799583173672
5196.678787403668
0.019284243132137394
0.007975968715685063
1.0537152783354111
5772.632368816952
2.5750611182556065
5196.678787403668
1.0537152783354111
