111.6450454194621
20001.110074139015
0.03111699449274789
0.02602058959227972
85.3206218948185
10.869604796210997
1155.1926494309437
0.03182324608244454
0.007833839082072983
3.558767993902193
20001.110074139015
85.3206218948185
1155.1926494309437
3.558767993902193
149.87266192444307
0.5599488620774817
0.1673889704553781
12.593051552932723
1.520593634800572
0.15784121008756297
19999.53950806459
0.5599488620774817
0.1673889704553781
1155.0401741933729
1.520593634800572
0.15784121008756297
56.294819385038544
0.2756277102191633
0.184637210412043
7.504411338745587
0.7448143183251974
0.17136924228813272
20000.59345925281
0.2756277102191633
0.184637210412043
1155.4964040042403
0.7448143183251974
0.17136924228813272
112.08628352904306
20000.756830475828
0.03115073951395991
0.026005743633349402
3.027936776445313
10.919287344340654
1154.7217120206785
0.03727200449970121
0.007834671574287702
0.4069250750086058
20000.756830475828
3.027936776445313
1154.7217120206785
0.4069250750086058
