62.84512674883804
5701.630382323698
0.027112790238659697
0.026030248664996175
9.02906244639895
23.001058489772518
5099.994484188701
0.019390325539254634
0.00798283113179751
3.6929513292379683
5701.630382323698
9.02906244639895
5099.994484188701
3.6929513292379683
84.41147494822857
0.15972817216251858
0.16131700957878967
30.967209100407565
0.022699741706804246
0.024757308320071957
10381.647173813768
0.15972817216251858
0.16131700957878967
5183.54186569563
0.022699741706804246
0.024757308320071957
31.97148478240258
0.18029731780553357
0.17895074968680247
12.209574666672552
0.07148645228617102
0.02648453995334709
7601.678131222148
0.18029731780553357
0.17895074968680247
5638.2155632403765
0.07148645228617102
0.02648453995334709
63.12945044245581
5767.271440886604
0.027128326677558077
0.02603389167881208
2.558736257178937
23.1142189685338
5180.045866025753
0.020115779135063648
0.007985194042879175
1.0483857489712067
5767.271440886604
2.558736257178937
5180.045866025753
1.0483857489712067
