102.3370590086809
20000.334874507844
0.030405175744767116
0.026381689698490515
78.06837824488963
14.381817845703425
1154.65864531079
0.03158652549443008
0.007912325510960268
8.95501307116819
20000.334874507844
78.06837824488963
1154.65864531079
8.95501307116819
137.22721766055443
0.3652893601756002
0.16533276210668307
18.535332279345347
1.0967895177695135
0.11138792395562289
19999.217898757124
0.3652893601756002
0.16533276210668307
1154.6946474535578
1.0967895177695135
0.11138792395562289
51.727492313228474
0.23998089998139743
0.18113291302694715
8.792270741880284
0.5782997945902671
0.06793845069871769
19999.55356286897
0.23998089998139743
0.18113291302694715
1154.6056953169775
0.5782997945902671
0.06793845069871769
102.8720179743221
19999.990177852753
0.03037112143345281
0.026370511758413328
3.1980407373717097
14.372270672262571
1155.9893805915221
0.026935934832443068
0.007913966824877347
0.45394358471018204
19999.990177852753
3.1980407373717097
1155.9893805915221
0.45394358471018204
