63.189894914640966
5685.466064884713
0.027175073177474765
0.025993530585916264
9.033447273162537
23.609826546263335
5099.041297600779
0.018185013635852666
0.008350507252688624
3.6892849944345794
5685.466064884713
9.033447273162537
5099.041297600779
3.6892849944345794
83.72289196971116
0.15969730244708888
0.16097633438078499
30.55787137633237
0.01830004553225075
0.01489540576826275
10390.443792552125
0.15969730244708888
0.16097633438078499
5213.628557068871
0.01830004553225075
0.01489540576826275
31.99418362385713
0.1805956093861717
0.1788106895974412
12.335113743823246
0.08204632590687527
0.024789494286812253
7586.81365770926
0.1805956093861717
0.1788106895974412
5652.922955665642
0.08204632590687527
0.024789494286812253
62.57125141608236
5760.338161551442
0.02712625176722096
0.02593276537035405
2.3360508745876403
23.91922879457314
5189.578514830218
0.0183142189648134
0.008397960984035226
0.9821018112787511
5760.338161551442
2.3360508745876403
5189.578514830218
0.9821018112787511
