111.82972595803072
19999.604568480223
0.03130751412982017
0.025931268658304748
85.45395051896112
10.937085231678656
1155.457490289439
0.03425030579861266
0.007763708629305702
3.568892200984678
19999.604568480223
85.45395051896112
1155.457490289439
3.568892200984678
148.77178394443402
0.511841318228153
0.16523474157078868
12.46485942383683
1.4258146124205726
0.11677946892576956
19999.99793241938
0.511841318228153
0.16523474157078868
1154.661844350708
1.4258146124205726
0.11677946892576956
56.35143923791854
0.28428562263679735
0.1835648726803363
7.506310182011894
0.7824080593024286
0.1542032369472261
19999.959571770316
0.28428562263679735
0.1835648726803363
1155.0631813398252
0.7824080593024286
0.1542032369472261
112.4157896087653
19998.409931010134
0.031321568906566954
0.025912152969138503
3.2795725113487704
10.933985292875093
1154.493349736449
0.040425127371442854
0.007764920426441164
0.4465408426345475
19998.409931010134
3.2795725113487704
1154.493349736449
0.4465408426345475
