63.153149041459635
5651.804499849128
0.026995239932639355
0.025999850362893935
8.966970680536889
22.951016793461058
5066.116768149835
0.018776211093927027
0.007986732969133228
3.704024668400311
5651.804499849128
8.966970680536889
5066.116768149835
3.704024668400311
84.27437246231217
0.1596652049526867
0.16130004404459464
30.984221885492545
0.017910841186663626
0.031678583657203926
10347.048036275573
0.1596652049526867
0.16130004404459464
5195.087976563471
0.017910841186663626
0.031678583657203926
32.04065496980783
0.18013506837650486
0.17894334288631045
12.225070890526888
0.0664649793948792
0.03413911685261436
7541.592795306263
0.18013506837650486
0.17894334288631045
5625.304589137226
0.0664649793948792
0.03413911685261436
63.4052232907137
5714.219700301336
0.027001179815138294
0.02600438859119826
9.238579720061415
23.03317276430837
5144.033627289098
0.019488486704438264
0.007986593232964686
3.8077280772433357
5714.219700301336
9.238579720061415
5144.033627289098
3.8077280772433357
62.88402045235594
5695.0041600313825
0.02718026200528171
0.025948750014377905
9.03184463282603
23.15903994139992
5107.504962231909
0.018605789159138117
0.007951027442014424
3.686718112244514