111.38968892714838
20000.60462700691
0.031121755233511822
0.02667897769086817
85.26560537200433
10.757625829294676
1154.9040751730643
0.032321126529195075
0.007969097506180288
3.466107218626662
20000.60462700691
85.26560537200433
1154.9040751730643
3.466107218626662
150.16648237384126
0.244368662714836
0.1647598454809688
12.707519203268927
0.659617647952324
0.07034488449920019
19998.86345351658
0.244368662714836
0.1647598454809688
1155.314560786207
0.659617647952324
0.07034488449920019
56.29513224375997
0.2631884932696002
0.1820254037353797
7.4766300771141445
0.6768537661736386
0.0671468887414612
19998.86150012931
0.2631884932696002
0.1820254037353797
1154.5907188305334
0.6768537661736386
0.0671468887414612
111.76218057213929
19999.73638715988
0.031118649324483515
0.02668317260255706
2.3974803129447295
10.780505692052122
1154.8844365437342
0.03750917833918079
0.00797136116486524
0.01747492604017315
19999.73638715988
2.3974803129447295
1154.8844365437342
0.01747492604017315
