102.18118939942302
19998.554095274525
0.0303972727629414
0.026417897460139308
77.47890740444404
14.551472732245223
1154.7454169400721
0.027693236823163506
0.007909547514159444
10.558142774969188
19998.554095274525
77.47890740444404
1154.7454169400721
10.558142774969188
137.0447704136765
0.3514045401618257
0.16573835637854376
17.701116327582174
1.0544218436908535
0.12223729155579381
20000.07331383005
0.3514045401618257
0.16573835637854376
1154.9933697650595
1.0544218436908535
0.12223729155579381
51.562211984778095
0.23296279772062328
0.1819143738571564
8.740936276841088
0.5304183621122696
0.10396109211919179
19999.12034393538
0.23296279772062328
0.1819143738571564
1155.1924572292419
0.5304183621122696
0.10396109211919179
102.62159137868758
19999.95535530576
0.030400413691878608
0.026412153410242653
3.057709501542085
14.616408895441081
1155.0231418466706
0.026796449476183114
0.007912801440059345
0.43653375730803695
19999.95535530576
3.057709501542085
1155.0231418466706
0.43653375730803695
